0 0.776130 0.403161 0.822308 0.410587 0.876728 0.418012 0.950940 0.424200 0.975678 0.414298 0.962486 0.403161 0.960837 0.398209 0.945993 0.392022 0.934450 0.395733 0.926204 0.399447 0.904764 0.400685 0.883325 0.395733 0.851993 0.387070 0.830553 0.378406 0.799219 0.374695 0.781077 0.372219 0.769534 0.363555 0.762938 0.357368 0.728305 0.359841 0.706865 0.361079 0.657392 0.361079 0.629356 0.361079 0.612865 0.364793 0.601320 0.375933 0.623185 0.380779 0.663988 0.390784 0.705216 0.390784 0.729954 0.395733 0.776130 0.403161
0 0.889923 0.368505 0.870132 0.359841 0.851993 0.370981 0.842096 0.377171 0.832202 0.382120 0.845899 0.376139 0.878377 0.379644 0.914659 0.383358 0.932800 0.385834 0.889923 0.368505
0 0.554534 0.473279 0.604993 0.474709 0.652594 0.466135 0.688772 0.483284 0.727808 0.494000 0.748752 0.489714 0.760175 0.451846 0.763034 0.436127 0.756368 0.423264 0.738279 0.426123 0.721142 0.425409 0.707815 0.411118 0.684964 0.408262 0.657356 0.408262 0.625937 0.399688 0.604993 0.398257 0.596423 0.392543 0.610704 0.385397 0.593567 0.380397 0.562149 0.382538 0.493603 0.390399 0.444096 0.394685 0.439337 0.420406 0.403159 0.423264 0.343178 0.415406 0.326995 0.415406 0.326995 0.453274 0.344286 0.455536 0.425055 0.462562 0.431719 0.504002 0.499315 0.500430 0.554534 0.473279
0 1.000000 0.865815 0.984861 0.866531 0.946779 0.826240 0.925834 0.792659 0.938209 0.776940 0.962964 0.742644 0.991524 0.711207 0.985812 0.689772 0.970579 0.660476 0.936305 0.639043 0.914409 0.645474 0.876327 0.676197 0.846812 0.700488 0.814442 0.700488 0.709719 0.703346 0.664971 0.701204 0.636411 0.719065 0.614512 0.696202 0.567863 0.667623 0.529781 0.637613 0.498363 0.637613 0.461233 0.661906 0.436481 0.640471 0.428863 0.630469 0.410774 0.632613 0.399351 0.649046 0.327947 0.651188 0.342226 0.602603 0.366981 0.576882 0.392685 0.536870 0.393637 0.505433 0.368885 0.486856 0.324137 0.476137 0.275584 0.469707 0.236550 0.468279 0.174666 0.466849 0.148010 0.466849 0.125159 0.457560 0.117543 0.433983 0.125238 0.413572 0.088269 0.405103 0.050188 0.413675 0.021625 0.415106 0.000000 0.407962 0.000680 0.425108 0.000000 0.486555 0.000000 0.778647 0.009010 0.783649 0.045187 0.730063 0.161337 0.720774 0.253685 0.722202 0.261303 0.745781 0.261303 0.779363 0.280344 0.828661 0.320329 0.799368 0.355555 0.758642 0.423151 0.752925 0.449808 0.764358 0.477418 0.797224 0.476466 0.837950 0.449808 0.885822 0.421248 0.933692 0.344130 0.994425 0.382214 1.000000 0.411726 1.000000 1.000000 1.000000 1.000000 0.865815
0 0.014010 0.327937 0.007620 0.348572 0.042570 0.340798 0.053995 0.326507 0.019721 0.327937 0.014010 0.327937
0 0.881228 0.348757 0.865236 0.345329 0.860666 0.349901 0.878286 0.358000 0.892654 0.357332 0.909411 0.355618 0.894940 0.351046 0.881228 0.348757
0 0.955870 0.348757 0.939875 0.344185 0.917026 0.340755 0.890666 0.341572 0.910933 0.348187 0.939875 0.351046 0.970341 0.355618 0.955870 0.348757
0 0.946731 0.342471 0.989382 0.347043 0.998522 0.347043 0.979481 0.335041 0.955108 0.330466 0.939113 0.326466 0.929974 0.323608 0.939875 0.322464 0.925404 0.317892 0.922358 0.314462 0.938353 0.315034 0.931498 0.309889 0.920072 0.304745 0.911695 0.299601 0.918550 0.296171 0.894940 0.291026 0.880469 0.288168 0.894178 0.285882 0.872089 0.283024 0.859142 0.283024 0.837055 0.286454 0.861428 0.292743 0.838577 0.295029 0.832486 0.295029 0.856096 0.301315 0.874375 0.304173 0.845433 0.304173 0.841625 0.306459 0.859904 0.312175 0.885038 0.317892 0.845433 0.313320 0.843048 0.323000 0.862187 0.330466 0.885038 0.333325 0.917026 0.336183 0.946731 0.342471
0 0.962724 0.271022 0.933022 0.271594 0.917334 0.274428 0.958916 0.280166 0.980243 0.281882 0.985575 0.274452 0.962724 0.271022
0 0.993952 0.289312 0.958154 0.287599 0.946858 0.288714 0.971865 0.295601 0.988620 0.296171 1.000000 0.296171 0.993952 0.289312
